$ANSIBLE_VAULT;1.1;AES256
66613230313635316534333761653064366366333561396666383134616162626361333662333037
6230356161306238303933353863333439613533613437380a303836663733343939623830643364
62643431376264633162323238393030346666373533363263626432383430396132363031333762
6431353365663966650a663335323931663734326562303764373565363365656634313163653532
64313561396633316266363463343536663866343231363466366563643061663539343765633362
33323337613936383539663939616462386330663365323736306533626465303662383366656464
31613966323331326338383635663335643337656533633565303936363137653938613161396235
36356465343265333636393936643834313335323863313338663835336136366634383939633237
35653634386134636336636133663536616665383334343332396363646237386437366435666665
63626262336335346638393664306436363734353065363538376137626638383935663062643738
64643464633265343532333133366366303031326566323035316362623563333537633236643336
36376536613464323731613537663366383632653834333530616162333932356338343565353537
36636338316463363736383966616663373162376566396533613561313034613364373732656161
38383335326462326538396132616664623963376362626561333564643739633863326432383138
64373236626337623137353162303565316630346130646238323037633466323635613465343136
35333665643130303132396231656633383861623965666635666133623762336461663037316438
64353838353766626439303735613031313264666261313264333065393966366439356437383663
63613136643861303861363335313861663330376361386438666630633131303532646631313233
31333236383966663736366334616234353330623662323862313632366663386666623836306635
62373930373965343838623432336136653834623439353330326639646266333963323861643935
34633039386361343261666236636630363832616663623435333263376335306338363436633338
39616137353736336663623633373831353263343566353766626130633266313537393039356666
32376638396562663837653663383262613161633933353139663038306534383164636265636432
34633134376662336637316134636532326632393533393263376331303231653861623564383164
39323034376532343834663133353633376137623035326631656161653631366566653463333739
35353864346265643033623364306531346539646635356333383032346134366261336635353661
65313836396231656637386461303039336638663765303836646564363964356430353538326234
35646362626638623932383336383231326331346231376239316535316536346263616363373333
63633039303063313437333564373763663933626435626135323136393737616131306162373262
39346563333764306362303538326563643030343665336461663535316532633631386563343461
61343764303739643033303533623736323964396431643366313538656330363539666637643365
63643864343332333938656637366134333764383661623464633935653130646530616561376463
32303130383735323762643232643136663631343331383961383134613030643333373730656633
34663062356230396564366263626330336536376236303531383637383966373163376232383039
66666230636331613965356631346164316432626161383333616638643839393135623930366132
64636232313032636231323530313931333865303666333733316436393766323231656131643061
36666235343230303363303431386336383263343137323862643733323736343431336563336137
39623935616562373762313131383036656263323038303961373930333231333134653235386366
64653938653735643935646438323637646333363365666332343333366635366465653937393365
32643438313131623931303936336261393664373162343464623438316336663464646162616166
39613465393265323066346336376337363039373139303739366237373330313338376530313766
34356437643537363961626366626139663037346566343864643037613761613262396264363734
35346533393662666463623062613063373937613430363931313439306235623435343637323536
36643863376165323230646137613864646663656331633438316537653463306530343136616336
34663233373234303162386361343730613137323866333432646363343234663466366536616136
37373030633064303038343138663037376631333438653261633437336132363130633937383234
36396166306564653331356564623033393332643438653462333731333735663031323662643265
39343939373731336238343635343762313236326133636236653937363032323837666531643632
32346235656639333135653463383533613133306439356237366134336235363733653165396332
33323234636334633031616138663131613662626463613836336139383339363237336330616137
65646233646337613535336164626131356636656439643863316165666632373063313464343136
34323535666438303934396531373363393738366262326139356237663966366564343964366531
39663833363635613966313933666662653166303562373732303466626566663861623162363462
38613564373132636533333430383564663538323733346631653730333838383239383862646561
37393331616565323230333935393766366663396337633962666134636439386433373739353833
39306632653937336430303335323165643333383833616464383535373830616235353137313065
63663761303634636636666430626434663530303763323863643636303330326633363135366365
31386164306664383236396537613131653235353031626136623265313737656534316431343834
32643638633639613132363663316539666239633630333433316562663037396236326566653335
35393265326263316633353936346637366635336532356432343335323131383662643531653431
31653138313637383065653931316537636138353362376532626234343737393436653431653963
61616462633766343837613733633933396537613534336437373861353534316561343063323433
65363933353934336630396537336130323966656662353061356562323932343730616136623462
64336338663066623736343133616238363061333662353265636434336465613931313731343361
36643231333737616234616539373738623464333738386335346534366339333932346333323766
38616365333063663035333337653463616630303835363736346330343730666438323535306132
35623431656130303566386132376362623335313630616136643735366130386532316536633562
37633632386432363533653534363233393137666232356664383631336135323939396162653162
34326237376537643935356439626338616264626336346163373934323937306330636461643231
63363566346231313166353733356635316564646632613439633764623461366262353861313264
31613665366239643733363561663264386166326538353762313832393261323136656661376231
35393631353838313763373335646462646263636661616666396363656364353161656138393732
66386362363062303732633663306636306362323935306662383262366430376335323062373736
65373363353132316435316439653438393665633630316364396635313531646634336531646235
32336561313537626133303330373830303861346335336131303433636239306162383133316365
39363863643838623239613762346339383433383330663231376435383439653431333639363833
32343330663132353836626665326131333734326431333663653336313437623664356266303933
66376432396134626262656636326233616537333861656465393632343461636539326263313030
35366331346465643163636164366365316331636337376639303861643562626439326664336338
31363865626261343334356130613433343732316261306430656432343137666665623639363338
38353264346132343866343534663937303133663337613262393961323638646563303063323861
65363135646663666165316639626433333835326332646366613065323132313734616631333631
33636566323034363030306664656334383437366631336266653862326136653962313631336462
39663532613234393839613832313162663761373438316432336333306633656330373232366131
38316565623938363732376364393236386263623964633333653931383138643865663032333336
32386165306466326237373065376436376563666139653563313539646666653965353734363534
34356465343230303534656235366233343737353331373836616132373534353866656430386338
66643365376661313932666665653661623337613539393365653232313537376439383366383962
32383332323039666463633330656666336562666164303534313563303661626266663661613763
36646430643362353735663862623836386433636138663137626136353739336235363233323765
38363461333435356263613037643431633663343330663764656232636366633835353461653030
61633661393564626339663234333462346366623735633664653365363566343562656466303163
62303034353337336562396361613835613331376337326339653463613333623066623132353237
64643762633066393836633132643662363833613838376336396636356530656133323432393131
61343633366430646531636438653965653565616233333561346535393538393265613433326132
30303637353364643136303764346434373064626163363431363665366161386234363661346662
65336566346235346337323963653165613966363438646234666532336166383233353762326264
34636134623636336335393130323538336338373432626633333830636661653666363766313835
31343230656631356436333866363065356437646636356535636461333333663335303263323937
65373761396331353234663833353863643530653862373233303063353963333161623139646139
37313363326661643139383265613065333564616361656266366138623961613065663530376366
63646130326663373933316536653130306464363236633134356331626632643930303462333166
35386638623939646330343031326436396638313038616364333162633834646461643338353962
32393235386532613061373365303565623436333136336638306138366637363566383663336139
65363336323330633532306162383432303561383136633931646435396466653764333464363733
64343234333864346161326134353366656230616661653636656433313730326134343033393039
65383864376635373062363837393938616565326432373832396239383366623039303865626164
30333238633836376664343264366563386264656263313433623765316130643938386461626561
33366561363962343231626538353431383766316136646632626463353632313861376432356530
32343963633837386535643536376633633638623933396339616332633236373161346562343866
30646636643061316562666463653139663735666464656334376163643530373837303634633632
61323534356232363430343038613562303332323130643631356262656361626231383438383937
66373130313964623563316137393331393831616534343765626230666337616561373963333234
38343833613964386561333735623462373839646466373637323230653764636439343862306563
36656339333233626633363366363038623765653565633062316631656566386462613563623433
64666533343537356635363331326336303730363239643834343339366332653030393337393538
33633962643737343138623839363034366364313637393639333136353537333363616330366434
30373839376139356663643061346665336666393664663665363466313263366161326632393764
66306461346466643065323337633234306435643536393430353731343763353465636234363832
34623732623332313561346162323739363230653464363362653465356265373266373461666539
66373035663739386632376236353338643038346633336539316530366362333162336363633736
37323830393162313439656664393565366165663563393631636434356137633962636236643334
61396232356436633036346233376530663638613264626131383630633262363666316130633638
34363633363639633663343361303038323338616661393036323666353463616561613139623533
64373739633038393233383831653262323965363433326436666336396565303564306138343337
66646639373032353463616335316136646635643538386234656538626538333630653362323961
34363530643963313466643865396531376330316364326163396266646631666135353565393863
66333431633263613462343831376234376232386138366132393437363065323334636333336661
31313537636563633465633839323334386538643865383136313861333865346666616366396637
39613033336263653263383831613362376261326361306365656135643232353039633235366563
64646461643763323266616639303365643034633237333335333439396438636464613830346262
64316261663966613037316632353764623839363634316536616563353235366134376134333730
34663963626465646334646663626664343636383239336364336630613539396461623566343565
36303336366238343636356436346338663264376535643966616262323830333064343161613037
36386465633166356163633734623363653739616661326163376336633763346131383737316437
30623736303765633061383634656231326366353537326438613234333534366161333463313233
37663236303338643834373736626239323433346163616666303438323463303363643937336361
39373063303638303638383437383430653236383262316663313865346431323033633365373962
35336530613164653430363863353062383266656465643234376563393462323036396166343062
35393837653061653331346466646633326435313166623139623965646466383035653533323632
39303130386139643631636536393761613362323538363030313031393364303861663338663032
35356137373236333539653765616531646534313061616134363938616662613062376161383164
63373738383239653536373737353239613330613139643832643632316238303266326139343264
64303430636662353962363331323939323336663131393432626661636134633962373230326430
37353961353335656437353739376465393665393737333363363763353531316636336336313930
34316237663964633866336539323036623465613535366666653565363866626239303161616338
61363764623431326163373861386564356331643437386535626663336132363535323262393761
64356130333235316265376534323434643363343735623766356434366234663333353339333233
30353235313136663066623239646535303137353263613331373864323862306630376338383830
32353362633536323538313333636135386334613736633639666163333339356139366334333139
39663434666335363766393661313230643263353835363237363065663661346634333433343031
33343664353964323435613230633530653834336366393133343965646561313965333032353565
63366633663338376361333738376662306130383763346232366665333336393033323465653862
63663234383930373230646433616564373931663230656164653561616462666538653730306132
61356362393830626136323961393836373664373837633533303234366565363836336666653761
33386163363930623730373066313133323235653932616637303865643064343733333739343764
38373462346164633232646563303130646434666462653235363363636335656464386265303432
32373730383934653030626436353837306438656538346163393962396233333332653332633432
61313332383063363836306535306463323539623466386634643763353635353233636264383435
63366430313161323730663131636435393731363338393439356465643936386561353632363161
32663435643532316531653530643361303264356338656337346561626365326162353136346131
38396436646230376134333265323030643362663262323862636635333064633134653263653030
36376232643664333164313963646265663035633537313935663061633365613438366664636334
63373162613863663165393739376437336432383031346263623030343037316535316564636536
35373961383731636464643033383363313434343837363933303064633933373032323762653536
63653333326662323766656630393433613039613939383665393237313665353136643932333332
31323062396264643434333664343961373835356630333163326236623934633931666132336538
39393961353737376365636338306539336331363466383064383135353163313138383738323539
65303531653632643464333631353664396361356339613630383761633863663830623135663232
37636339643764376364306539333236323033613662623337376634623465356262613836656263
30343736326334613237656633633065663663313438663962343536613162376434353963376537
33343339363733623638643938336633376365613039356330333662316262376361343532613238
33663934653231633438373461356634323133653636383339303634333963663433326263386230
30363230396233343636326264363564323666343264666534316137363366306165353534643937
36316334346665326434303764663735306332396130326264656635356634653031383430636661
36343330613537653939663266646462353837663536313065666139656634613532326561366264
37333762316638316261356564303036656338393736656635343665326165353065656137626562
35343233336439336237323964656562633965316564323730313163343432633534323437643732
30313761373234343635326432633062643937326337663239333637656133363334303634343634
32343065383166386562643132636235303934626466356363376332363730306435623431623862
63663966386365313532616464333033356165633335383365393633306266313732346131626564
33336265323136376261666130646364666365616533306139666365326561363435326635653530
36383939626334653463623230376163663261346133363135613537643831343966343639326333
37386265323061303664613933363139353339333933373766383563656164316139623233376565
34303063396364373431623738333933336163636435353435336162383962346566353032666132
34333731303966653164346138376163316236306332346531623630633464346564636365306334
64373234393931666464306366353661646232616631363161613637333738383231386236383539
37623265386362356462386361373366613534386465353432363662386563366565363763303862
30663033366139303662633031306431666235653739393261613339313266386663346164343139
38356639653264656435363766373837363164626539356436393131363264376439653865383265
35626165363662643361303762643064303138323864396437353464373462316436643939356237
39383435373937376638316536633232653564323631633735333236643737346232396139383935
38613463326633626238633136326562613437356365646663643637336261356434
