$ANSIBLE_VAULT;1.1;AES256
34666661353438303133323230386336396465303162343438643838343231353139653564656137
3235623262646434613731343634316561623665656132310a376565343837393936353532643263
38316564353030386532313861656461393231336666663735666234623834353033396661386436
3138373833386531610a663136336634636130386334363330626536386631333063363139343639
64356339616635646265653033636439343938393462346339663465646464366630616236643162
66613838636132316365316430343939363739333034333735383464623363313165333933383063
63376436383935346166633435356362623033343065613765313366393863663361666338656262
33383362626531363032623963313730383635326435656138643535653735366432373336383831
65303134633461303262356662376137316530323230633339373336386164383539373438396565
63643636353734343339383266643735383933343938616663626132383662383865613565663764
61333336346538623432613063613465313665303163396530393266366666316532326663353131
31316236653763303466623565613432623130376134396336653132313337633837343266346333
66383166303832373438363033303539383931656632393664363562306261613132346132306661
63303961323035373332396232336239353837663063353736343261313233356537393436623430
39326634323737346639633562363130623532663233336437316636646462363230623264303630
61316231356632613237656262663238373038396262303834393636363431653835646265653161
65356366393363623432643530666237386564363532316339303966363864303339366436386538
39373661313164303161623864333031646531666163313666323765633264313132343637393666
65663736623332643239626364326561313763663965353565626637653030633834366435303035
32316630393039393132346435393964366237616435343463613866396531393631633230653336
30633633383564393731393530623235333766376265393765623461663363623939633238613937
61383561656231393430383037353837333362643932623532373537353136393736343436346330
30313862373233643661396566366537396139346538313762393439356533616137626162323439
64656139306361636234623561343563663233323162386466633666376134636539353765353938
63353764343065626661373337636538643565613631623930613737613366333730376631373761
62643930333231633164626333633030346230363339363463313762313331393133366163616437
64613265303338666261656565383637323662333330366436383765313763613139656463353061
66666130663066333935626338333666313237613032316436643139383036626336303633343561
65636237633436353565316663386466626331626661323662316134376139346262323836313136
38643434666264373938643638343964623038623136363664336165663065643132323534393935
34313133353161333230393166623433643466303339323233616133323864356536366266326535
32663834616365366566313137366265666463393932336238326631653930616330353531343437
64386235303937383737616132323665313666343436313361346432323862373862613764373563
31653730653537623361313534333265393939633131323835633363613134623866613536376665
33393935393165613331353031643265363935636165313763633366313763616330646362616435
37633637376637373734333734336665393164626236626362653261633832646561653833383765
64346233373035653864353564346336623565323839386163336632353661643936
